32
0.000000 0   0   0
0.032258 8   8   8
0.064516 16  16  16
0.096774 25  25  25
0.129032 33  33  33
0.161290 41  41  41
0.193548 49  49  49
0.225806 58  58  58
0.258065 66  66  66
0.290323 74  74  74
0.322581 82  82  82
0.354839 90  90  90
0.387097 99  99  99
0.419355 107 107 107
0.451613 115 115 115
0.483871 123 123 123
0.516129 132 132 132
0.548387 140 140 140
0.580645 148 148 148
0.612903 156 156 156
0.645161 165 165 165
0.677419 173 173 173
0.709677 181 181 181
0.741935 189 189 189
0.774194 197 197 197
0.806452 206 206 206
0.838710 214 214 214
0.870968 222 222 222
0.903226 230 230 230
0.935484 239 239 239
0.967742 247 247 247
1.000000 255 255 255